var1 = 10;
var2 = 20;

test2;

var1
var2